Offset
+0.00000000e+000	 	 

Scaling Factor
+1.00000000e+000	 	

Start Data: 05.05.2017 14:18:57 630 ms

Time	 CH1	 
+2.95000000e+001 	+6.33190000e+004 	
+2.95100000e+001 	+6.33980000e+004 	
+2.95200000e+001 	+6.34810000e+004 	
+2.95300000e+001 	+6.35680000e+004 	
+2.95400000e+001 	+6.36590000e+004 	
+2.95500000e+001 	+6.37530000e+004 	
+2.95600000e+001 	+6.38510000e+004 	
+2.95700000e+001 	+6.39520000e+004 	
+2.95800000e+001 	+6.40580000e+004 	
+2.95900000e+001 	+6.41650000e+004 	
+2.96000000e+001 	+6.42750000e+004 	
+2.96100000e+001 	+6.43870000e+004 	
+2.96200000e+001 	+6.45000000e+004 	
+2.96300000e+001 	+6.46100000e+004 	
+2.96400000e+001 	+6.47140000e+004 	
+2.96500000e+001 	+6.48100000e+004 	
+2.96600000e+001 	+6.48990000e+004 	
+2.96700000e+001 	+6.49820000e+004 	
+2.96800000e+001 	+6.50590000e+004 	
+2.96900000e+001 	+6.51330000e+004 	
+2.97000000e+001 	+6.52060000e+004 	
+2.97100000e+001 	+6.52770000e+004 	
+2.97200000e+001 	+6.53500000e+004 	
+2.97300000e+001 	+6.54270000e+004 	
+2.97400000e+001 	+6.55080000e+004 	
+2.97500000e+001 	+5.80000000e+001 	
+2.97600000e+001 	+1.47000000e+002 	
+2.97700000e+001 	+2.40000000e+002 	
+2.97800000e+001 	+3.37000000e+002 	
+2.97900000e+001 	+4.37000000e+002 	
+2.98000000e+001 	+5.42000000e+002 	
+2.98100000e+001 	+6.50000000e+002 	
+2.98200000e+001 	+7.58000000e+002 	
+2.98300000e+001 	+8.70000000e+002 	
+2.98400000e+001 	+9.82000000e+002 	
+2.98500000e+001 	+1.09200000e+003 	
+2.98600000e+001 	+1.19900000e+003 	
+2.98700000e+001 	+1.29700000e+003 	
+2.98800000e+001 	+1.38700000e+003 	
+2.98900000e+001 	+1.47000000e+003 	
+2.99000000e+001 	+1.54900000e+003 	
+2.99100000e+001 	+1.62300000e+003 	
+2.99200000e+001 	+1.69500000e+003 	
+2.99300000e+001 	+1.76600000e+003 	
+2.99400000e+001 	+1.83800000e+003 	
+2.99500000e+001 	+1.91200000e+003 	
+2.99600000e+001 	+1.99200000e+003 	
+2.99700000e+001 	+2.07600000e+003 	
+2.99800000e+001 	+2.16200000e+003 	
+2.99900000e+001 	+2.25400000e+003 	
+3.00000000e+001 	+2.34900000e+003 	
+3.00100000e+001 	+2.44900000e+003 	
+3.00200000e+001 	+2.55000000e+003 	
+3.00300000e+001 	+2.65600000e+003 	
+3.00400000e+001 	+2.76300000e+003 	
+3.00500000e+001 	+2.87400000e+003 	
+3.00600000e+001 	+2.98500000e+003 	
+3.00700000e+001 	+3.09600000e+003 	
+3.00800000e+001 	+3.20400000e+003 	
+3.00900000e+001 	+3.30600000e+003 	
+3.01000000e+001 	+3.40000000e+003 	
+3.01100000e+001 	+3.48700000e+003 	
+3.01200000e+001 	+3.56800000e+003 	
+3.01300000e+001 	+3.64400000e+003 	
+3.01400000e+001 	+3.71800000e+003 	
+3.01500000e+001 	+3.79000000e+003 	
+3.01600000e+001 	+3.86200000e+003 	
+3.01700000e+001 	+3.93700000e+003 	
+3.01800000e+001 	+4.01700000e+003 	
+3.01900000e+001 	+4.10000000e+003 	
+3.02000000e+001 	+4.18800000e+003 	
+3.02100000e+001 	+4.28000000e+003 	
+3.02200000e+001 	+4.37500000e+003 	
+3.02300000e+001 	+4.47500000e+003 	
+3.02400000e+001 	+4.57700000e+003 	
+3.02500000e+001 	+4.68300000e+003 	
+3.02600000e+001 	+4.79200000e+003 	
+3.02700000e+001 	+4.90300000e+003 	
+3.02800000e+001 	+5.01500000e+003 	
+3.02900000e+001 	+5.12800000e+003 	
+3.03000000e+001 	+5.23800000e+003 	
+3.03100000e+001 	+5.34100000e+003 	
+3.03200000e+001 	+5.43600000e+003 	
+3.03300000e+001 	+5.52400000e+003 	
+3.03400000e+001 	+5.60500000e+003 	
+3.03500000e+001 	+5.68200000e+003 	
+3.03600000e+001 	+5.75500000e+003 	
+3.03700000e+001 	+5.82600000e+003 	
+3.03800000e+001 	+5.89800000e+003 	
+3.03900000e+001 	+5.97100000e+003 	
+3.04000000e+001 	+6.04900000e+003 	
+3.04100000e+001 	+6.13200000e+003 	
+3.04200000e+001 	+6.21700000e+003 	
+3.04300000e+001 	+6.30700000e+003 	
+3.04400000e+001 	+6.40000000e+003 	
+3.04500000e+001 	+6.49700000e+003 	
+3.04600000e+001 	+6.59700000e+003 	
+3.04700000e+001 	+6.70100000e+003 	
+3.04800000e+001 	+6.80900000e+003 	
+3.04900000e+001 	+6.91700000e+003 	
+3.05000000e+001 	+7.02800000e+003 	
+3.05100000e+001 	+7.14000000e+003 	
+3.05200000e+001 	+7.25000000e+003 	
+3.05300000e+001 	+7.35500000e+003 	
+3.05400000e+001 	+7.45200000e+003 	
+3.05500000e+001 	+7.54000000e+003 	
+3.05600000e+001 	+7.62300000e+003 	
+3.05700000e+001 	+7.70100000e+003 	
+3.05800000e+001 	+7.77400000e+003 	
+3.05900000e+001 	+7.84600000e+003 	
+3.06000000e+001 	+7.91600000e+003 	
+3.06100000e+001 	+7.98900000e+003 	
+3.06200000e+001 	+8.06300000e+003 	
+3.06300000e+001 	+8.14300000e+003 	
+3.06400000e+001 	+8.22600000e+003 	
+3.06500000e+001 	+8.31300000e+003 	
+3.06600000e+001 	+8.40500000e+003 	
+3.06700000e+001 	+8.50000000e+003 	
+3.06800000e+001 	+8.59900000e+003 	
+3.06900000e+001 	+8.70100000e+003 	
+3.07000000e+001 	+8.80700000e+003 	
+3.07100000e+001 	+8.91400000e+003 	
+3.07200000e+001 	+9.02400000e+003 	
+3.07300000e+001 	+9.13600000e+003 	
+3.07400000e+001 	+9.24600000e+003 	
+3.07500000e+001 	+9.35400000e+003 	
+3.07600000e+001 	+9.45400000e+003 	
+3.07700000e+001 	+9.54600000e+003 	
+3.07800000e+001 	+9.63100000e+003 	
+3.07900000e+001 	+9.70900000e+003 	
+3.08000000e+001 	+9.78400000e+003 	
+3.08100000e+001 	+9.85500000e+003 	
+3.08200000e+001 	+9.92400000e+003 	
+3.08300000e+001 	+9.99400000e+003 	
+3.08400000e+001 	+1.00660000e+004 	
+3.08500000e+001 	+1.01420000e+004 	
+3.08600000e+001 	+1.02230000e+004 	
+3.08700000e+001 	+1.03070000e+004 	
+3.08800000e+001 	+1.03950000e+004 	
+3.08900000e+001 	+1.04880000e+004 	
+3.09000000e+001 	+1.05840000e+004 	
+3.09100000e+001 	+1.06830000e+004 	
+3.09200000e+001 	+1.07860000e+004 	
+3.09300000e+001 	+1.08930000e+004 	
+3.09400000e+001 	+1.10010000e+004 	
+3.09500000e+001 	+1.11120000e+004 	
+3.09600000e+001 	+1.12230000e+004 	
+3.09700000e+001 	+1.13320000e+004 	
+3.09800000e+001 	+1.14380000e+004 	
+3.09900000e+001 	+1.15360000e+004 	
+3.10000000e+001 	+1.16260000e+004 	
+3.10100000e+001 	+1.17090000e+004 	
+3.10200000e+001 	+1.17870000e+004 	
+3.10300000e+001 	+1.18620000e+004 	
+3.10400000e+001 	+1.19340000e+004 	
+3.10500000e+001 	+1.20050000e+004 	
+3.10600000e+001 	+1.20780000e+004 	
+3.10700000e+001 	+1.21530000e+004 	
+3.10800000e+001 	+1.22330000e+004 	
+3.10900000e+001 	+1.23180000e+004 	
+3.11000000e+001 	+1.24050000e+004 	
+3.11100000e+001 	+1.24980000e+004 	
+3.11200000e+001 	+1.25940000e+004 	
+3.11300000e+001 	+1.26950000e+004 	
+3.11400000e+001 	+1.27970000e+004 	
+3.11500000e+001 	+1.29050000e+004 	
+3.11600000e+001 	+1.30130000e+004 	
+3.11700000e+001 	+1.31240000e+004 	
+3.11800000e+001 	+1.32370000e+004 	
+3.11900000e+001 	+1.33480000e+004 	
+3.12000000e+001 	+1.34560000e+004 	
+3.12100000e+001 	+1.35560000e+004 	
+3.12200000e+001 	+1.36490000e+004 	
+3.12300000e+001 	+1.37350000e+004 	
+3.12400000e+001 	+1.38130000e+004 	
+3.12500000e+001 	+1.38890000e+004 	
+3.12600000e+001 	+1.39610000e+004 	
+3.12700000e+001 	+1.40310000e+004 	
+3.12800000e+001 	+1.41020000e+004 	
+3.12900000e+001 	+1.41750000e+004 	
+3.13000000e+001 	+1.42530000e+004 	
+3.13100000e+001 	+1.43350000e+004 	
+3.13200000e+001 	+1.44210000e+004 	
+3.13300000e+001 	+1.45110000e+004 	
+3.13400000e+001 	+1.46050000e+004 	
+3.13500000e+001 	+1.47020000e+004 	
+3.13600000e+001 	+1.48030000e+004 	
+3.13700000e+001 	+1.49070000e+004 	
+3.13800000e+001 	+1.50140000e+004 	
+3.13900000e+001 	+1.51230000e+004 	
+3.14000000e+001 	+1.52340000e+004 	
+3.14100000e+001 	+1.53460000e+004 	
+3.14200000e+001 	+1.54550000e+004 	
+3.14300000e+001 	+1.55580000e+004 	
+3.14400000e+001 	+1.56540000e+004 	
+3.14500000e+001 	+1.57420000e+004 	
+3.14600000e+001 	+1.58240000e+004 	
+3.14700000e+001 	+1.59020000e+004 	
+3.14800000e+001 	+1.59750000e+004 	
+3.14900000e+001 	+1.60480000e+004 	
+3.15000000e+001 	+1.61190000e+004 	
+3.15100000e+001 	+1.61920000e+004 	
+3.15200000e+001 	+1.62680000e+004 	
+3.15300000e+001 	+1.63490000e+004 	
+3.15400000e+001 	+1.64340000e+004 	
+3.15500000e+001 	+1.65220000e+004 	
+3.15600000e+001 	+1.66150000e+004 	
+3.15700000e+001 	+1.67120000e+004 	
+3.15800000e+001 	+1.68120000e+004 	
+3.15900000e+001 	+1.69150000e+004 	
+3.16000000e+001 	+1.70220000e+004 	
+3.16100000e+001 	+1.71300000e+004 	
+3.16200000e+001 	+1.72410000e+004 	
+3.16300000e+001 	+1.73530000e+004 	
+3.16400000e+001 	+1.74630000e+004 	
+3.16500000e+001 	+1.75690000e+004 	
+3.16600000e+001 	+1.76670000e+004 	
+3.16700000e+001 	+1.77580000e+004 	
+3.16800000e+001 	+1.78410000e+004 	
+3.16900000e+001 	+1.79180000e+004 	
+3.17000000e+001 	+1.79920000e+004 	
+3.17100000e+001 	+1.80620000e+004 	
+3.17200000e+001 	+1.81310000e+004 	
+3.17300000e+001 	+1.82010000e+004 	
+3.17400000e+001 	+1.82730000e+004 	
+3.17500000e+001 	+1.83500000e+004 	
+3.17600000e+001 	+1.84310000e+004 	
+3.17700000e+001 	+1.85160000e+004 	
+3.17800000e+001 	+1.86050000e+004 	
+3.17900000e+001 	+1.86970000e+004 	
+3.18000000e+001 	+1.87940000e+004 	
+3.18100000e+001 	+1.88940000e+004 	
+3.18200000e+001 	+1.89970000e+004 	
+3.18300000e+001 	+1.91040000e+004 	
+3.18400000e+001 	+1.92120000e+004 	
+3.18500000e+001 	+1.93230000e+004 	
+3.18600000e+001 	+1.94340000e+004 	
+3.18700000e+001 	+1.95420000e+004 	
+3.18800000e+001 	+1.96460000e+004 	
+3.18900000e+001 	+1.97420000e+004 	
+3.19000000e+001 	+1.98300000e+004 	
+3.19100000e+001 	+1.99120000e+004 	
+3.19200000e+001 	+1.99890000e+004 	
+3.19300000e+001 	+2.00620000e+004 	
+3.19400000e+001 	+2.01340000e+004 	
+3.19500000e+001 	+2.02040000e+004 	
+3.19600000e+001 	+2.02760000e+004 	
+3.19700000e+001 	+2.03510000e+004 	
+3.19800000e+001 	+2.04300000e+004 	
+3.19900000e+001 	+2.05140000e+004 	
+3.20000000e+001 	+2.06010000e+004 	
+3.20100000e+001 	+2.06930000e+004 	
+3.20200000e+001 	+2.07880000e+004 	
+3.20300000e+001 	+2.08890000e+004 	
+3.20400000e+001 	+2.09900000e+004 	
+3.20500000e+001 	+2.10970000e+004 	
+3.20600000e+001 	+2.12040000e+004 	
+3.20700000e+001 	+2.13150000e+004 	
+3.20800000e+001 	+2.14270000e+004 	
+3.20900000e+001 	+2.15390000e+004 	
+3.21000000e+001 	+2.16460000e+004 	
+3.21100000e+001 	+2.17460000e+004 	
+3.21200000e+001 	+2.18380000e+004 	
+3.21300000e+001 	+2.19240000e+004 	
+3.21400000e+001 	+2.20030000e+004 	
+3.21500000e+001 	+2.20770000e+004 	
+3.21600000e+001 	+2.21480000e+004 	
+3.21700000e+001 	+2.22190000e+004 	
+3.21800000e+001 	+2.22890000e+004 	
+3.21900000e+001 	+2.23610000e+004 	
+3.22000000e+001 	+2.24380000e+004 	
+3.22100000e+001 	+2.25190000e+004 	
+3.22200000e+001 	+2.26040000e+004 	
+3.22300000e+001 	+2.26930000e+004 	
+3.22400000e+001 	+2.27850000e+004 	
+3.22500000e+001 	+2.28830000e+004 	
+3.22600000e+001 	+2.29820000e+004 	
+3.22700000e+001 	+2.30860000e+004 	
+3.22800000e+001 	+2.31930000e+004 	
+3.22900000e+001 	+2.33000000e+004 	
+3.23000000e+001 	+2.34110000e+004 	
+3.23100000e+001 	+2.35220000e+004 	
+3.23200000e+001 	+2.36310000e+004 	
+3.23300000e+001 	+2.37360000e+004 	
+3.23400000e+001 	+2.38320000e+004 	
+3.23500000e+001 	+2.39210000e+004 	
+3.23600000e+001 	+2.40030000e+004 	
+3.23700000e+001 	+2.40810000e+004 	
+3.23800000e+001 	+2.41540000e+004 	
+3.23900000e+001 	+2.42250000e+004 	
+3.24000000e+001 	+2.42950000e+004 	
+3.24100000e+001 	+2.43670000e+004 	
+3.24200000e+001 	+2.44410000e+004 	
+3.24300000e+001 	+2.45200000e+004 	
+3.24400000e+001 	+2.46040000e+004 	
+3.24500000e+001 	+2.46900000e+004 	
+3.24600000e+001 	+2.47820000e+004 	
+3.24700000e+001 	+2.48760000e+004 	
+3.24800000e+001 	+2.49760000e+004 	
+3.24900000e+001 	+2.50770000e+004 	
+3.25000000e+001 	+2.51820000e+004 	
+3.25100000e+001 	+2.52890000e+004 	
+3.25200000e+001 	+2.53990000e+004 	
+3.25300000e+001 	+2.55100000e+004 	
+3.25400000e+001 	+2.56210000e+004 	
+3.25500000e+001 	+2.57270000e+004 	
+3.25600000e+001 	+2.58280000e+004 	
+3.25700000e+001 	+2.59200000e+004 	
+3.25800000e+001 	+2.60050000e+004 	
+3.25900000e+001 	+2.60830000e+004 	
+3.26000000e+001 	+2.61580000e+004 	
+3.26100000e+001 	+2.62280000e+004 	
+3.26200000e+001 	+2.62970000e+004 	
+3.26300000e+001 	+2.63650000e+004 	
+3.26400000e+001 	+2.64360000e+004 	
+3.26500000e+001 	+2.65110000e+004 	
+3.26600000e+001 	+2.65900000e+004 	
+3.26700000e+001 	+2.66730000e+004 	
+3.26800000e+001 	+2.67590000e+004 	
+3.26900000e+001 	+2.68510000e+004 	
+3.27000000e+001 	+2.69460000e+004 	
+3.27100000e+001 	+2.70450000e+004 	
+3.27200000e+001 	+2.71460000e+004 	
+3.27300000e+001 	+2.72530000e+004 	
+3.27400000e+001 	+2.73580000e+004 	
+3.27500000e+001 	+2.74680000e+004 	
+3.27600000e+001 	+2.75790000e+004 	
+3.27700000e+001 	+2.76900000e+004 	
+3.27800000e+001 	+2.77960000e+004 	
+3.27900000e+001 	+2.78940000e+004 	
+3.28000000e+001 	+2.79860000e+004 	
+3.28100000e+001 	+2.80710000e+004 	
+3.28200000e+001 	+2.81500000e+004 	
+3.28300000e+001 	+2.82250000e+004 	
+3.28400000e+001 	+2.82960000e+004 	
+3.28500000e+001 	+2.83670000e+004 	
+3.28600000e+001 	+2.84380000e+004 	
+3.28700000e+001 	+2.85100000e+004 	
+3.28800000e+001 	+2.85880000e+004 	
+3.28900000e+001 	+2.86700000e+004 	
+3.29000000e+001 	+2.87560000e+004 	
+3.29100000e+001 	+2.88460000e+004 	
+3.29200000e+001 	+2.89390000e+004 	
+3.29300000e+001 	+2.90370000e+004 	
+3.29400000e+001 	+2.91380000e+004 	
+3.29500000e+001 	+2.92420000e+004 	
+3.29600000e+001 	+2.93490000e+004 	
+3.29700000e+001 	+2.94590000e+004 	
+3.29800000e+001 	+2.95700000e+004 	
+3.29900000e+001 	+2.96820000e+004 	
+3.30000000e+001 	+2.97910000e+004 	
+3.30100000e+001 	+2.98950000e+004 	
+3.30200000e+001 	+2.99910000e+004 	
+3.30300000e+001 	+3.00780000e+004 	
+3.30400000e+001 	+3.01590000e+004 	
+3.30500000e+001 	+3.02360000e+004 	
+3.30600000e+001 	+3.03080000e+004 	
+3.30700000e+001 	+3.03790000e+004 	
+3.30800000e+001 	+3.04480000e+004 	
+3.30900000e+001 	+3.05190000e+004 	
+3.31000000e+001 	+3.05940000e+004 	
+3.31100000e+001 	+3.06720000e+004 	
+3.31200000e+001 	+3.07550000e+004 	
+3.31300000e+001 	+3.08420000e+004 	
+3.31400000e+001 	+3.09330000e+004 	
+3.31500000e+001 	+3.10280000e+004 	
+3.31600000e+001 	+3.11270000e+004 	
+3.31700000e+001 	+3.12280000e+004 	
+3.31800000e+001 	+3.13340000e+004 	
+3.31900000e+001 	+3.14400000e+004 	
+3.32000000e+001 	+3.15500000e+004 	
+3.32100000e+001 	+3.16610000e+004 	
+3.32200000e+001 	+3.17720000e+004 	
+3.32300000e+001 	+3.18790000e+004 	
+3.32400000e+001 	+3.19800000e+004 	
+3.32500000e+001 	+3.20720000e+004 	
+3.32600000e+001 	+3.21580000e+004 	
+3.32700000e+001 	+3.22380000e+004 	
+3.32800000e+001 	+3.23130000e+004 	
+3.32900000e+001 	+3.23850000e+004 	
+3.33000000e+001 	+3.24560000e+004 	
+3.33100000e+001 	+3.25270000e+004 	
+3.33200000e+001 	+3.26000000e+004 	
+3.33300000e+001 	+3.26780000e+004 	
+3.33400000e+001 	+3.27600000e+004 	
+3.33500000e+001 	+3.28460000e+004 	
+3.33600000e+001 	+3.29350000e+004 	
+3.33700000e+001 	+3.30290000e+004 	
+3.33800000e+001 	+3.31260000e+004 	
+3.33900000e+001 	+3.32270000e+004 	
+3.34000000e+001 	+3.33310000e+004 	
+3.34100000e+001 	+3.34390000e+004 	
+3.34200000e+001 	+3.35480000e+004 	
+3.34300000e+001 	+3.36590000e+004 	
+3.34400000e+001 	+3.37710000e+004 	
+3.34500000e+001 	+3.38810000e+004 	
+3.34600000e+001 	+3.39840000e+004 	
+3.34700000e+001 	+3.40810000e+004 	
+3.34800000e+001 	+3.41690000e+004 	
+3.34900000e+001 	+3.42510000e+004 	
+3.35000000e+001 	+3.43280000e+004 	
+3.35100000e+001 	+3.44010000e+004 	
+3.35200000e+001 	+3.44720000e+004 	
+3.35300000e+001 	+3.45420000e+004 	
+3.35400000e+001 	+3.46140000e+004 	
+3.35500000e+001 	+3.46890000e+004 	
+3.35600000e+001 	+3.47680000e+004 	
+3.35700000e+001 	+3.48520000e+004 	
+3.35800000e+001 	+3.49380000e+004 	
+3.35900000e+001 	+3.50300000e+004 	
+3.36000000e+001 	+3.51250000e+004 	
+3.36100000e+001 	+3.52260000e+004 	
+3.36200000e+001 	+3.53270000e+004 	
+3.36300000e+001 	+3.54330000e+004 	
+3.36400000e+001 	+3.55400000e+004 	
+3.36500000e+001 	+3.56510000e+004 	
+3.36600000e+001 	+3.57630000e+004 	
+3.36700000e+001 	+3.58730000e+004 	
+3.36800000e+001 	+3.59810000e+004 	
+3.36900000e+001 	+3.60810000e+004 	
+3.37000000e+001 	+3.61740000e+004 	
+3.37100000e+001 	+3.62600000e+004 	
+3.37200000e+001 	+3.63390000e+004 	
+3.37300000e+001 	+3.64150000e+004 	
+3.37400000e+001 	+3.64880000e+004 	
+3.37500000e+001 	+3.65600000e+004 	
+3.37600000e+001 	+3.66320000e+004 	
+3.37700000e+001 	+3.67060000e+004 	
+3.37800000e+001 	+3.67850000e+004 	
+3.37900000e+001 	+3.68680000e+004 	
+3.38000000e+001 	+3.69550000e+004 	
+3.38100000e+001 	+3.70460000e+004 	
+3.38200000e+001 	+3.71400000e+004 	
+3.38300000e+001 	+3.72390000e+004 	
+3.38400000e+001 	+3.73410000e+004 	
+3.38500000e+001 	+3.74460000e+004 	
+3.38600000e+001 	+3.75540000e+004 	
+3.38700000e+001 	+3.76650000e+004 	
+3.38800000e+001 	+3.77760000e+004 	
+3.38900000e+001 	+3.78880000e+004 	
+3.39000000e+001 	+3.79980000e+004 	
+3.39100000e+001 	+3.81010000e+004 	
+3.39200000e+001 	+3.81960000e+004 	
+3.39300000e+001 	+3.82830000e+004 	
+3.39400000e+001 	+3.83640000e+004 	
+3.39500000e+001 	+3.84410000e+004 	
+3.39600000e+001 	+3.85130000e+004 	
+3.39700000e+001 	+3.85850000e+004 	
+3.39800000e+001 	+3.86550000e+004 	
+3.39900000e+001 	+3.87270000e+004 	
+3.40000000e+001 	+3.88030000e+004 	
+3.40100000e+001 	+3.88830000e+004 	
+3.40200000e+001 	+3.89670000e+004 	
+3.40300000e+001 	+3.90550000e+004 	
+3.40400000e+001 	+3.91470000e+004 	
+3.40500000e+001 	+3.92430000e+004 	
+3.40600000e+001 	+3.93420000e+004 	
+3.40700000e+001 	+3.94440000e+004 	
+3.40800000e+001 	+3.95510000e+004 	
+3.40900000e+001 	+3.96570000e+004 	
+3.41000000e+001 	+3.97680000e+004 	
+3.41100000e+001 	+3.98780000e+004 	
+3.41200000e+001 	+3.99870000e+004 	
+3.41300000e+001 	+4.00930000e+004 	
+3.41400000e+001 	+4.01910000e+004 	
+3.41500000e+001 	+4.02820000e+004 	
+3.41600000e+001 	+4.03660000e+004 	
+3.41700000e+001 	+4.04440000e+004 	
+3.41800000e+001 	+4.05180000e+004 	
+3.41900000e+001 	+4.05900000e+004 	
+3.42000000e+001 	+4.06600000e+004 	
+3.42100000e+001 	+4.07310000e+004 	
+3.42200000e+001 	+4.08040000e+004 	
+3.42300000e+001 	+4.08820000e+004 	
+3.42400000e+001 	+4.09650000e+004 	
+3.42500000e+001 	+4.10510000e+004 	
+3.42600000e+001 	+4.11410000e+004 	
+3.42700000e+001 	+4.12350000e+004 	
+3.42800000e+001 	+4.13330000e+004 	
+3.42900000e+001 	+4.14330000e+004 	
+3.43000000e+001 	+4.15380000e+004 	
+3.43100000e+001 	+4.16450000e+004 	
+3.43200000e+001 	+4.17550000e+004 	
+3.43300000e+001 	+4.18660000e+004 	
+3.43400000e+001 	+4.19770000e+004 	
+3.43500000e+001 	+4.20870000e+004 	
+3.43600000e+001 	+4.21900000e+004 	
+3.43700000e+001 	+4.22850000e+004 	
+3.43800000e+001 	+4.23710000e+004 	
+3.43900000e+001 	+4.24520000e+004 	
+3.44000000e+001 	+4.25280000e+004 	
+3.44100000e+001 	+4.26000000e+004 	
+3.44200000e+001 	+4.26710000e+004 	
+3.44300000e+001 	+4.27400000e+004 	
+3.44400000e+001 	+4.28110000e+004 	
+3.44500000e+001 	+4.28860000e+004 	
+3.44600000e+001 	+4.29650000e+004 	
+3.44700000e+001 	+4.30490000e+004 	
+3.44800000e+001 	+4.31350000e+004 	
+3.44900000e+001 	+4.32280000e+004 	
+3.45000000e+001 	+4.33230000e+004 	
+3.45100000e+001 	+4.34230000e+004 	
+3.45200000e+001 	+4.35240000e+004 	
+3.45300000e+001 	+4.36310000e+004 	
+3.45400000e+001 	+4.37380000e+004 	
+3.45500000e+001 	+4.38480000e+004 	
+3.45600000e+001 	+4.39600000e+004 	
+3.45700000e+001 	+4.40710000e+004 	
+3.45800000e+001 	+4.41780000e+004 	
+3.45900000e+001 	+4.42770000e+004 	
+3.46000000e+001 	+4.43700000e+004 	
+3.46100000e+001 	+4.44550000e+004 	
+3.46200000e+001 	+4.45340000e+004 	
+3.46300000e+001 	+4.46090000e+004 	
+3.46400000e+001 	+4.46800000e+004 	
+3.46500000e+001 	+4.47510000e+004 	
+3.46600000e+001 	+4.48210000e+004 	
+3.46700000e+001 	+4.48940000e+004 	
+3.46800000e+001 	+4.49720000e+004 	
+3.46900000e+001 	+4.50540000e+004 	
+3.47000000e+001 	+4.51390000e+004 	
+3.47100000e+001 	+4.52290000e+004 	
+3.47200000e+001 	+4.53220000e+004 	
+3.47300000e+001 	+4.54200000e+004 	
+3.47400000e+001 	+4.55190000e+004 	
+3.47500000e+001 	+4.56230000e+004 	
+3.47600000e+001 	+4.57300000e+004 	
+3.47700000e+001 	+4.58390000e+004 	
+3.47800000e+001 	+4.59500000e+004 	
+3.47900000e+001 	+4.60620000e+004 	
+3.48000000e+001 	+4.61710000e+004 	
+3.48100000e+001 	+4.62740000e+004 	
+3.48200000e+001 	+4.63700000e+004 	
+3.48300000e+001 	+4.64580000e+004 	
+3.48400000e+001 	+4.65390000e+004 	
+3.48500000e+001 	+4.66150000e+004 	
+3.48600000e+001 	+4.66870000e+004 	
+3.48700000e+001 	+4.67580000e+004 	
+3.48800000e+001 	+4.68270000e+004 	
+3.48900000e+001 	+4.68980000e+004 	
+3.49000000e+001 	+4.69710000e+004 	
+3.49100000e+001 	+4.70500000e+004 	
+3.49200000e+001 	+4.71320000e+004 	
+3.49300000e+001 	+4.72180000e+004 	
+3.49400000e+001 	+4.73100000e+004 	
+3.49500000e+001 	+4.74040000e+004 	
+3.49600000e+001 	+4.75030000e+004 	
+3.49700000e+001 	+4.76040000e+004 	
+3.49800000e+001 	+4.77090000e+004 	
+3.49900000e+001 	+4.78150000e+004 	
+3.50000000e+001 	+4.79250000e+004 	
+3.50100000e+001 	+4.80360000e+004 	
+3.50200000e+001 	+4.81470000e+004 	
+3.50300000e+001 	+4.82540000e+004 	
+3.50400000e+001 	+4.83550000e+004 	
+3.50500000e+001 	+4.84490000e+004 	
+3.50600000e+001 	+4.85350000e+004 	
+3.50700000e+001 	+4.86150000e+004 	
+3.50800000e+001 	+4.86910000e+004 	
+3.50900000e+001 	+4.87630000e+004 	
+3.51000000e+001 	+4.88340000e+004 	
+3.51100000e+001 	+4.89040000e+004 	
+3.51200000e+001 	+4.89770000e+004 	
+3.51300000e+001 	+4.90550000e+004 	
+3.51400000e+001 	+4.91360000e+004 	
+3.51500000e+001 	+4.92220000e+004 	
+3.51600000e+001 	+4.93110000e+004 	
+3.51700000e+001 	+4.94040000e+004 	
+3.51800000e+001 	+4.95010000e+004 	
+3.51900000e+001 	+4.96000000e+004 	
+3.52000000e+001 	+4.97040000e+004 	
+3.52100000e+001 	+4.98110000e+004 	
+3.52200000e+001 	+4.99190000e+004 	
+3.52300000e+001 	+5.00300000e+004 	
+3.52400000e+001 	+5.01420000e+004 	
+3.52500000e+001 	+5.02510000e+004 	
+3.52600000e+001 	+5.03560000e+004 	
+3.52700000e+001 	+5.04520000e+004 	
+3.52800000e+001 	+5.05410000e+004 	
+3.52900000e+001 	+5.06220000e+004 	
+3.53000000e+001 	+5.06990000e+004 	
+3.53100000e+001 	+5.07710000e+004 	
+3.53200000e+001 	+5.08410000e+004 	
+3.53300000e+001 	+5.09090000e+004 	
+3.53400000e+001 	+5.09790000e+004 	
+3.53500000e+001 	+5.10510000e+004 	
+3.53600000e+001 	+5.11280000e+004 	
+3.53700000e+001 	+5.12100000e+004 	
+3.53800000e+001 	+5.12950000e+004 	
+3.53900000e+001 	+5.13850000e+004 	
+3.54000000e+001 	+5.14780000e+004 	
+3.54100000e+001 	+5.15750000e+004 	
+3.54200000e+001 	+5.16750000e+004 	
+3.54300000e+001 	+5.17780000e+004 	
+3.54400000e+001 	+5.18850000e+004 	
+3.54500000e+001 	+5.19940000e+004 	
+3.54600000e+001 	+5.21040000e+004 	
+3.54700000e+001 	+5.22150000e+004 	
+3.54800000e+001 	+5.23240000e+004 	
+3.54900000e+001 	+5.24270000e+004 	
+3.55000000e+001 	+5.25220000e+004 	
+3.55100000e+001 	+5.26090000e+004 	
+3.55200000e+001 	+5.26900000e+004 	
+3.55300000e+001 	+5.27670000e+004 	
+3.55400000e+001 	+5.28400000e+004 	
+3.55500000e+001 	+5.29110000e+004 	
+3.55600000e+001 	+5.29810000e+004 	
+3.55700000e+001 	+5.30540000e+004 	
+3.55800000e+001 	+5.31300000e+004 	
+3.55900000e+001 	+5.32100000e+004 	
+3.56000000e+001 	+5.32950000e+004 	
+3.56100000e+001 	+5.33820000e+004 	
+3.56200000e+001 	+5.34750000e+004 	
+3.56300000e+001 	+5.35710000e+004 	
+3.56400000e+001 	+5.36710000e+004 	
+3.56500000e+001 	+5.37730000e+004 	
+3.56600000e+001 	+5.38800000e+004 	
+3.56700000e+001 	+5.39870000e+004 	
+3.56800000e+001 	+5.40980000e+004 	
+3.56900000e+001 	+5.42090000e+004 	
+3.57000000e+001 	+5.43200000e+004 	
+3.57100000e+001 	+5.44260000e+004 	
+3.57200000e+001 	+5.45250000e+004 	
+3.57300000e+001 	+5.46170000e+004 	
+3.57400000e+001 	+5.47010000e+004 	
+3.57500000e+001 	+5.47780000e+004 	
+3.57600000e+001 	+5.48520000e+004 	
+3.57700000e+001 	+5.49220000e+004 	
+3.57800000e+001 	+5.49910000e+004 	
+3.57900000e+001 	+5.50610000e+004 	
+3.58000000e+001 	+5.51320000e+004 	
+3.58100000e+001 	+5.52090000e+004 	
+3.58200000e+001 	+5.52900000e+004 	
+3.58300000e+001 	+5.53740000e+004 	
+3.58400000e+001 	+5.54630000e+004 	
+3.58500000e+001 	+5.55550000e+004 	
+3.58600000e+001 	+5.56510000e+004 	
+3.58700000e+001 	+5.57510000e+004 	
+3.58800000e+001 	+5.58540000e+004 	
+3.58900000e+001 	+5.59610000e+004 	
+3.59000000e+001 	+5.60680000e+004 	
+3.59100000e+001 	+5.61790000e+004 	
+3.59200000e+001 	+5.62900000e+004 	
+3.59300000e+001 	+5.63990000e+004 	
+3.59400000e+001 	+5.65040000e+004 	
+3.59500000e+001 	+5.66000000e+004 	
+3.59600000e+001 	+5.66890000e+004 	
+3.59700000e+001 	+5.67710000e+004 	
+3.59800000e+001 	+5.68490000e+004 	
+3.59900000e+001 	+5.69210000e+004 	
+3.60000000e+001 	+5.69920000e+004 	
+3.60100000e+001 	+5.70620000e+004 	
+3.60200000e+001 	+5.71330000e+004 	
+3.60300000e+001 	+5.72070000e+004 	
+3.60400000e+001 	+5.72860000e+004 	
+3.60500000e+001 	+5.73690000e+004 	
+3.60600000e+001 	+5.74560000e+004 	
+3.60700000e+001 	+5.75470000e+004 	
+3.60800000e+001 	+5.76410000e+004 	
+3.60900000e+001 	+5.77410000e+004 	
+3.61000000e+001 	+5.78420000e+004 	
+3.61100000e+001 	+5.79470000e+004 	
+3.61200000e+001 	+5.80540000e+004 	
+3.61300000e+001 	+5.81640000e+004 	
+3.61400000e+001 	+5.82760000e+004 	
+3.61500000e+001 	+5.83870000e+004 	
+3.61600000e+001 	+5.84950000e+004 	
+3.61700000e+001 	+5.85970000e+004 	
+3.61800000e+001 	+5.86900000e+004 	
+3.61900000e+001 	+5.87750000e+004 	
+3.62000000e+001 	+5.88540000e+004 	
+3.62100000e+001 	+5.89290000e+004 	
+3.62200000e+001 	+5.89990000e+004 	
+3.62300000e+001 	+5.90690000e+004 	
+3.62400000e+001 	+5.91380000e+004 	
+3.62500000e+001 	+5.92090000e+004 	
+3.62600000e+001 	+5.92840000e+004 	
+3.62700000e+001 	+5.93630000e+004 	
+3.62800000e+001 	+5.94470000e+004 	
+3.62900000e+001 	+5.95340000e+004 	
+3.63000000e+001 	+5.96270000e+004 	
+3.63100000e+001 	+5.97220000e+004 	
+3.63200000e+001 	+5.98210000e+004 	
+3.63300000e+001 	+5.99230000e+004 	
+3.63400000e+001 	+6.00290000e+004 	
+3.63500000e+001 	+6.01360000e+004 	
+3.63600000e+001 	+6.02460000e+004 	
+3.63700000e+001 	+6.03570000e+004 	
+3.63800000e+001 	+6.04670000e+004 	
+3.63900000e+001 	+6.05730000e+004 	
+3.64000000e+001 	+6.06720000e+004 	
+3.64100000e+001 	+6.07630000e+004 	
+3.64200000e+001 	+6.08470000e+004 	
+3.64300000e+001 	+6.09250000e+004 	
+3.64400000e+001 	+6.09990000e+004 	
+3.64500000e+001 	+6.10710000e+004 	
+3.64600000e+001 	+6.11410000e+004 	
+3.64700000e+001 	+6.12120000e+004 	
+3.64800000e+001 	+6.12850000e+004 	
+3.64900000e+001 	+6.13630000e+004 	
+3.65000000e+001 	+6.14450000e+004 	
+3.65100000e+001 	+6.15310000e+004 	
+3.65200000e+001 	+6.16210000e+004 	
+3.65300000e+001 	+6.17150000e+004 	
+3.65400000e+001 	+6.18130000e+004 	
+3.65500000e+001 	+6.19120000e+004 	
+3.65600000e+001 	+6.20170000e+004 	
+3.65700000e+001 	+6.21240000e+004 	
+3.65800000e+001 	+6.22330000e+004 	
+3.65900000e+001 	+6.23430000e+004 	
+3.66000000e+001 	+6.24540000e+004 	
+3.66100000e+001 	+6.25640000e+004 	
+3.66200000e+001 	+6.26660000e+004 	
+3.66300000e+001 	+6.27610000e+004 	
+3.66400000e+001 	+6.28470000e+004 	
+3.66500000e+001 	+6.29280000e+004 	
+3.66600000e+001 	+6.30040000e+004 	
+3.66700000e+001 	+6.30750000e+004 	
+3.66800000e+001 	+6.31450000e+004 	
+3.66900000e+001 	+6.32130000e+004 	
+3.67000000e+001 	+6.32840000e+004 	
+3.67100000e+001 	+6.33560000e+004 	
+3.67200000e+001 	+6.34340000e+004 	
+3.67300000e+001 	+6.35170000e+004 	
+3.67400000e+001 	+6.36020000e+004 	
+3.67500000e+001 	+6.36930000e+004 	
+3.67600000e+001 	+6.37870000e+004 	
+3.67700000e+001 	+6.38860000e+004 	
+3.67800000e+001 	+6.39870000e+004 	
+3.67900000e+001 	+6.40910000e+004 	
+3.68000000e+001 	+6.41980000e+004 	
+3.68100000e+001 	+6.43080000e+004 	
+3.68200000e+001 	+6.44190000e+004 	
+3.68300000e+001 	+6.45300000e+004 	
+3.68400000e+001 	+6.46370000e+004 	
+3.68500000e+001 	+6.47380000e+004 	
+3.68600000e+001 	+6.48310000e+004 	
+3.68700000e+001 	+6.49180000e+004 	
+3.68800000e+001 	+6.49970000e+004 	
+3.68900000e+001 	+6.50730000e+004 	
+3.69000000e+001 	+6.51440000e+004 	
+3.69100000e+001 	+6.52140000e+004 	
+3.69200000e+001 	+6.52850000e+004 	
+3.69300000e+001 	+6.53570000e+004 	
+3.69400000e+001 	+6.54340000e+004 	
+3.69500000e+001 	+6.55150000e+004 	
+3.69600000e+001 	+6.30000000e+001 	
+3.69700000e+001 	+1.53000000e+002 	
+3.69800000e+001 	+2.45000000e+002 	
+3.69900000e+001 	+3.42000000e+002 	
+3.70000000e+001 	+4.42000000e+002 	
+3.70100000e+001 	+5.45000000e+002 	
+3.70200000e+001 	+6.53000000e+002 	
+3.70300000e+001 	+7.60000000e+002 	
+3.70400000e+001 	+8.71000000e+002 	
+3.70500000e+001 	+9.82000000e+002 	
+3.70600000e+001 	+1.09100000e+003 	
+3.70700000e+001 	+1.19600000e+003 	
+3.70800000e+001 	+1.29300000e+003 	
+3.70900000e+001 	+1.38200000e+003 	
+3.71000000e+001 	+1.46400000e+003 	
+3.71100000e+001 	+1.54000000e+003 	
+3.71200000e+001 	+1.61300000e+003 	
+3.71300000e+001 	+1.68200000e+003 	
+3.71400000e+001 	+1.75000000e+003 	
+3.71500000e+001 	+1.81900000e+003 	
+3.71600000e+001 	+1.89000000e+003 	
+3.71700000e+001 	+1.96600000e+003 	
+3.71800000e+001 	+2.04700000e+003 	
+3.71900000e+001 	+2.13100000e+003 	
+3.72000000e+001 	+2.21900000e+003 	
+3.72100000e+001 	+2.31100000e+003 	
+3.72200000e+001 	+2.40700000e+003 	
+3.72300000e+001 	+2.50500000e+003 	
+3.72400000e+001 	+2.60800000e+003 	
+3.72500000e+001 	+2.71400000e+003 	
+3.72600000e+001 	+2.82100000e+003 	
+3.72700000e+001 	+2.93100000e+003 	
+3.72800000e+001 	+3.04100000e+003 	
+3.72900000e+001 	+3.15000000e+003 	
+3.73000000e+001 	+3.25300000e+003 	
+3.73100000e+001 	+3.34900000e+003 	
+3.73200000e+001 	+3.43700000e+003 	
+3.73300000e+001 	+3.51800000e+003 	
+3.73400000e+001 	+3.59500000e+003 	
+3.73500000e+001 	+3.66700000e+003 	
+3.73600000e+001 	+3.73800000e+003 	
+3.73700000e+001 	+3.80700000e+003 	
+3.73800000e+001 	+3.87700000e+003 	
+3.73900000e+001 	+3.95000000e+003 	
+3.74000000e+001 	+4.02800000e+003 	
+3.74100000e+001 	+4.11000000e+003 	
+3.74200000e+001 	+4.19600000e+003 	
+3.74300000e+001 	+4.28600000e+003 	
+3.74400000e+001 	+4.38000000e+003 	
+3.74500000e+001 	+4.47900000e+003 	
+3.74600000e+001 	+4.58000000e+003 	
+3.74700000e+001 	+4.68400000e+003 	
+3.74800000e+001 	+4.79100000e+003 	
+3.74900000e+001 	+4.90100000e+003 	
+3.75000000e+001 	+5.01200000e+003 	
+3.75100000e+001 	+5.12300000e+003 	
+3.75200000e+001 	+5.23200000e+003 	
+3.75300000e+001 	+5.33400000e+003 	
+3.75400000e+001 	+5.42900000e+003 	
+3.75500000e+001 	+5.51500000e+003 	
+3.75600000e+001 	+5.59500000e+003 	
+3.75700000e+001 	+5.67000000e+003 	
+3.75800000e+001 	+5.74200000e+003 	
+3.75900000e+001 	+5.81200000e+003 	
+3.76000000e+001 	+5.88100000e+003 	
+3.76100000e+001 	+5.95200000e+003 	
+3.76200000e+001 	+6.02600000e+003 	
+3.76300000e+001 	+6.10500000e+003 	
+3.76400000e+001 	+6.18800000e+003 	
+3.76500000e+001 	+6.27400000e+003 	
+3.76600000e+001 	+6.36500000e+003 	
+3.76700000e+001 	+6.46000000e+003 	
+3.76800000e+001 	+6.55900000e+003 	
+3.76900000e+001 	+6.66000000e+003 	
+3.77000000e+001 	+6.76600000e+003 	
+3.77100000e+001 	+6.87200000e+003 	
+3.77200000e+001 	+6.98100000e+003 	
+3.77300000e+001 	+7.09200000e+003 	
+3.77400000e+001 	+7.20200000e+003 	
+3.77500000e+001 	+7.30800000e+003 	
+3.77600000e+001 	+7.40700000e+003 	
+3.77700000e+001 	+7.49900000e+003 	
+3.77800000e+001 	+7.58300000e+003 	
+3.77900000e+001 	+7.66000000e+003 	
+3.78000000e+001 	+7.73400000e+003 	
+3.78100000e+001 	+7.80400000e+003 	
+3.78200000e+001 	+7.87300000e+003 	
+3.78300000e+001 	+7.94200000e+003 	
+3.78400000e+001 	+8.01300000e+003 	
+3.78500000e+001 	+8.08800000e+003 	
+3.78600000e+001 	+8.16800000e+003 	
+3.78700000e+001 	+8.25200000e+003 	
+3.78800000e+001 	+8.33900000e+003 	
+3.78900000e+001 	+8.43100000e+003 	
+3.79000000e+001 	+8.52600000e+003 	
+3.79100000e+001 	+8.62500000e+003 	
+3.79200000e+001 	+8.72700000e+003 	
+3.79300000e+001 	+8.83400000e+003 	
+3.79400000e+001 	+8.94100000e+003 	
+3.79500000e+001 	+9.05100000e+003 	
+3.79600000e+001 	+9.16200000e+003 	
+3.79700000e+001 	+9.27100000e+003 	
+3.79800000e+001 	+9.37700000e+003 	
+3.79900000e+001 	+9.47400000e+003 	
+3.80000000e+001 	+9.56400000e+003 	
+3.80100000e+001 	+9.64700000e+003 	
+3.80200000e+001 	+9.72300000e+003 	
+3.80300000e+001 	+9.79600000e+003 	
+3.80400000e+001 	+9.86600000e+003 	
+3.80500000e+001 	+9.93400000e+003 	
+3.80600000e+001 	+1.00030000e+004 	
+3.80700000e+001 	+1.00730000e+004 	
+3.80800000e+001 	+1.01490000e+004 	
+3.80900000e+001 	+1.02290000e+004 	
+3.81000000e+001 	+1.03130000e+004 	
+3.81100000e+001 	+1.04000000e+004 	
+3.81200000e+001 	+1.04920000e+004 	
+3.81300000e+001 	+1.05880000e+004 	
+3.81400000e+001 	+1.06860000e+004 	
+3.81500000e+001 	+1.07890000e+004 	
+3.81600000e+001 	+1.08960000e+004 	
+3.81700000e+001 	+1.10030000e+004 	
+3.81800000e+001 	+1.11140000e+004 	
+3.81900000e+001 	+1.12240000e+004 	
+3.82000000e+001 	+1.13330000e+004 	
+3.82100000e+001 	+1.14380000e+004 	
+3.82200000e+001 	+1.15350000e+004 	
+3.82300000e+001 	+1.16240000e+004 	
+3.82400000e+001 	+1.17060000e+004 	
+3.82500000e+001 	+1.17820000e+004 	
+3.82600000e+001 	+1.18550000e+004 	
+3.82700000e+001 	+1.19250000e+004 	
+3.82800000e+001 	+1.19940000e+004 	
+3.82900000e+001 	+1.20640000e+004 	
+3.83000000e+001 	+1.21360000e+004 	
+3.83100000e+001 	+1.22140000e+004 	
+3.83200000e+001 	+1.22950000e+004 	
+3.83300000e+001 	+1.23800000e+004 	
+3.83400000e+001 	+1.24690000e+004 	
+3.83500000e+001 	+1.25620000e+004 	
+3.83600000e+001 	+1.26590000e+004 	
+3.83700000e+001 	+1.27590000e+004 	
+3.83800000e+001 	+1.28620000e+004 	
+3.83900000e+001 	+1.29690000e+004 	
+3.84000000e+001 	+1.30780000e+004 	
+3.84100000e+001 	+1.31870000e+004 	
+3.84200000e+001 	+1.32990000e+004 	
+3.84300000e+001 	+1.34070000e+004 	
+3.84400000e+001 	+1.35100000e+004 	
+3.84500000e+001 	+1.36050000e+004 	
+3.84600000e+001 	+1.36920000e+004 	
+3.84700000e+001 	+1.37720000e+004 	
+3.84800000e+001 	+1.38480000e+004 	
+3.84900000e+001 	+1.39190000e+004 	
+3.85000000e+001 	+1.39880000e+004 	
+3.85100000e+001 	+1.40570000e+004 	
+3.85200000e+001 	+1.41270000e+004 	
+3.85300000e+001 	+1.41990000e+004 	
+3.85400000e+001 	+1.42760000e+004 	
+3.85500000e+001 	+1.43580000e+004 	
+3.85600000e+001 	+1.44430000e+004 	
+3.85700000e+001 	+1.45330000e+004 	
+3.85800000e+001 	+1.46260000e+004 	
+3.85900000e+001 	+1.47250000e+004 	
+3.86000000e+001 	+1.48250000e+004 	
+3.86100000e+001 	+1.49290000e+004 	
+3.86200000e+001 	+1.50350000e+004 	
+3.86300000e+001 	+1.51440000e+004 	
+3.86400000e+001 	+1.52540000e+004 	
+3.86500000e+001 	+1.53650000e+004 	
+3.86600000e+001 	+1.54730000e+004 	
+3.86700000e+001 	+1.55750000e+004 	
+3.86800000e+001 	+1.56680000e+004 	
+3.86900000e+001 	+1.57540000e+004 	
+3.87000000e+001 	+1.58340000e+004 	
+3.87100000e+001 	+1.59090000e+004 	
+3.87200000e+001 	+1.59810000e+004 	
+3.87300000e+001 	+1.60510000e+004 	
+3.87400000e+001 	+1.61200000e+004 	
+3.87500000e+001 	+1.61920000e+004 	
+3.87600000e+001 	+1.62670000e+004 	
+3.87700000e+001 	+1.63470000e+004 	
+3.87800000e+001 	+1.64320000e+004 	
+3.87900000e+001 	+1.65190000e+004 	
+3.88000000e+001 	+1.66110000e+004 	
+3.88100000e+001 	+1.67070000e+004 	
+3.88200000e+001 	+1.68070000e+004 	
+3.88300000e+001 	+1.69090000e+004 	
+3.88400000e+001 	+1.70160000e+004 	
+3.88500000e+001 	+1.71220000e+004 	
+3.88600000e+001 	+1.72330000e+004 	
+3.88700000e+001 	+1.73430000e+004 	
+3.88800000e+001 	+1.74540000e+004 	
+3.88900000e+001 	+1.75600000e+004 	
+3.89000000e+001 	+1.76590000e+004 	
+3.89100000e+001 	+1.77500000e+004 	
+3.89200000e+001 	+1.78340000e+004 	
+3.89300000e+001 	+1.79110000e+004 	
+3.89400000e+001 	+1.79850000e+004 	
+3.89500000e+001 	+1.80550000e+004 	
+3.89600000e+001 	+1.81240000e+004 	
+3.89700000e+001 	+1.81940000e+004 	
+3.89800000e+001 	+1.82650000e+004 	
+3.89900000e+001 	+1.83410000e+004 	
+3.90000000e+001 	+1.84220000e+004 	
+3.90100000e+001 	+1.85060000e+004 	
+3.90200000e+001 	+1.85940000e+004 	
+3.90300000e+001 	+1.86860000e+004 	
+3.90400000e+001 	+1.87830000e+004 	
+3.90500000e+001 	+1.88820000e+004 	
+3.90600000e+001 	+1.89850000e+004 	
+3.90700000e+001 	+1.90920000e+004 	
+3.90800000e+001 	+1.91990000e+004 	
+3.90900000e+001 	+1.93100000e+004 	
+3.91000000e+001 	+1.94210000e+004 	
+3.91100000e+001 	+1.95290000e+004 	
+3.91200000e+001 	+1.96340000e+004 	
+3.91300000e+001 	+1.97310000e+004 	
+3.91400000e+001 	+1.98200000e+004 	
+3.91500000e+001 	+1.99020000e+004 	
+3.91600000e+001 	+1.99800000e+004 	
+3.91700000e+001 	+2.00540000e+004 	
+3.91800000e+001 	+2.01260000e+004 	
+3.91900000e+001 	+2.01960000e+004 	
+3.92000000e+001 	+2.02680000e+004 	
+3.92100000e+001 	+2.03430000e+004 	
+3.92200000e+001 	+2.04230000e+004 	
+3.92300000e+001 	+2.05080000e+004 	
+3.92400000e+001 	+2.05950000e+004 	
+3.92500000e+001 	+2.06870000e+004 	
+3.92600000e+001 	+2.07830000e+004 	
+3.92700000e+001 	+2.08830000e+004 	
+3.92800000e+001 	+2.09850000e+004 	
+3.92900000e+001 	+2.10920000e+004 	
+3.93000000e+001 	+2.11990000e+004 	
+3.93100000e+001 	+2.13100000e+004 	
+3.93200000e+001 	+2.14220000e+004 	
+3.93300000e+001 	+2.15330000e+004 	
+3.93400000e+001 	+2.16420000e+004 	
+3.93500000e+001 	+2.17420000e+004 	
+3.93600000e+001 	+2.18350000e+004 	
+3.93700000e+001 	+2.19200000e+004 	
+3.93800000e+001 	+2.19990000e+004 	
+3.93900000e+001 	+2.20740000e+004 	
+3.94000000e+001 	+2.21450000e+004 	
+3.94100000e+001 	+2.22160000e+004 	
+3.94200000e+001 	+2.22860000e+004 	
+3.94300000e+001 	+2.23570000e+004 	
+3.94400000e+001 	+2.24340000e+004 	
+3.94500000e+001 	+2.25150000e+004 	
+3.94600000e+001 	+2.26000000e+004 	
+3.94700000e+001 	+2.26890000e+004 	
+3.94800000e+001 	+2.27810000e+004 	
+3.94900000e+001 	+2.28770000e+004 	
